0.046000000 0.000000010
0.223000000 0.000000030
0.280000000 0.000000170
0.321000000 0.000000570
0.392000000 0.000004480
0.464000000 0.000030460
0.499000000 0.000069800
0.542000000 0.000159040
0.588000000 0.000326820
0.628000000 0.000527000
0.682000000 0.000855450
0.741000000 0.001275300
0.785000000 0.001683000
0.844000000 0.002076800
0.880000000 0.002379500
0.933000000 0.002828300
0.980000000 0.003232500
1.037000000 0.003727000
1.126000000 0.004525500
1.159000000 0.113220000
1.219000000 0.138000000
