0.208000000 0.000000060
0.255000000 0.000000150
0.312000000 0.000000640
0.367000000 0.000003010
0.409000000 0.000009850
0.457000000 0.000036500
0.497000000 0.000100000
0.540000000 0.000280150
0.563000000 0.000474253
0.583000000 0.000742500
0.602000000 0.001125900
0.614000000 0.001456500
0.624000000 0.001812000
0.633000000 0.002236300
0.642000000 0.002670600
0.650000000 0.003178400
0.654000000 0.003455000
0.660000000 0.003886000
0.667000000 0.004458300
0.703000000 0.009260000
0.736000000 0.016055000
0.764000000 0.024623000
0.790000000 0.034652000
0.827000000 0.051310000
0.843000000 0.059540000
0.876000000 0.077580000
0.897000000 0.089550000
0.952000000 0.116430000
1.014000000 0.154300000
1.124000000 0.196900000
1.203000000 0.351980000
